2
36
531890095 602253089124
80642424 351974501801
762910977 34537093165
358120121 665005298881
57085551 775370031739
876511422 705322257009
87485277 535168241737
171170775 752241062091
908137042 601710175497
682008699 950577894344
593629046 609896477749
898720701 410417328225
973053531 706438321051
44080160 692567611629
591206525 742163298801
798989876 425343834931
159444865 324593655755
969751776 520613714323
849123483 149010079421
228211605 315784054332
24287141 256408302700
943251333 678866296655
693884385 846005756259
650527176 207525871345
781604981 148315894746
898621615 309859335119
978512960 830998850626
714536636 724043857179
482459804 646753379919
355839587 157440864920
893277403 541704418273
224361957 377539154563
937603796 93211090655
453253107 180363268921
219498811 544325555775
711906651 291095753919
43
36799994 28417421608
849552009 351987090469
931917141 40750140484
243246861 244182485933
616847790 345125984495
818222715 898426918273
644125977 891008807154
705365237 671825893857
936445566 270872848373
406619571 650039981051
987644723 408877536693
784407037 741181926501
287377379 4088113229
998386658 538615564833
733455085 407305370526
254163769 799982401368
642295772 695951283690
635605533 363537795265
620042385 83296878919
269699907 231663602765
873598914 944423018649
135101491 851580112946
216834201 190272821556
352688761 779727772041
769675158 918914283381
286487667 173332006701
198228199 371891916001
83376033 205479237841
764631625 473457064213
39048170 220358132867
499746071 451826881531
780499373 331245205841
358278561 633149460647
503971417 611305478676
484550173 44392519970
594153621 616408831631
253373671 26590415297
338425262 226567528377
417335837 520154391869
781362745 894375677171
642254741 337939972857
867898169 979339099621
321982536 548322122317
