1005 3015
844 213 57
408 91 97
922 556 21
575 36 25
55 925 76
826 364 62
865 387 15
331 146 8
986 55 89
42 228 57
874 801 50
152 144 36
467 168 25
672 280 25
829 66 78
425 204 42
703 743 45
928 381 54
614 638 14
430 352 39
786 924 4
877 236 47
14 2 67
349 865 15
846 610 60
241 39 25
289 275 68
132 88 25
742 748 25
974 713 92
587 313 72
26 866 33
222 849 40
803 947 44
901 22 57
901 39 67
822 317 57
551 84 72
596 793 27
937 243 97
416 943 80
678 68 76
787 162 33
279 171 5
757 233 100
764 457 62
116 998 98
104 808 97
251 84 15
707 26 63
325 340 35
209 441 71
13 548 9
606 706 53
172 987 85
62 348 68
244 199 77
305 779 53
551 108 45
712 865 53
594 621 96
4 2 16
567 586 85
311 917 35
98 131 60
388 65 93
978 725 2
598 210 16
258 146 16
814 724 28
280 834 13
984 240 96
723 797 55
667 242 97
775 707 52
799 37 6
727 619 58
554 395 1
414 72 2
39 349 24
215 25 64
573 115 88
633 212 94
383 514 24
926 973 40
719 221 31
63 426 44
461 369 68
147 197 35
313 7 88
52 34 72
56 297 30
164 35 3
261 475 56
429 563 16
696 606 14
976 94 1
561 269 69
1 25 82
479 966 16
244 145 48
964 6 46
245 218 63
514 358 2
445 3 42
321 994 66
897 752 60
935 383 51
876 550 19
173 401 61
889 260 74
972 448 82
235 323 1
637 383 20
963 200 57
692 372 40
443 267 50
621 306 100
396 918 60
815 101 84
98 557 87
823 428 31
409 398 65
977 114 42
993 563 39
13 530 80
132 104 55
506 839 39
844 285 49
369 313 88
50 376 6
255 17 48
630 670 33
555 886 21
261 416 50
850 296 26
314 437 38
658 616 9
881 307 76
643 600 56
46 68 21
39 534 2
293 163 89
365 278 21
236 99 21
64 151 46
545 280 13
576 496 22
5 318 45
474 399 24
816 659 5
421 208 32
160 687 54
883 143 69
728 274 73
535 52 44
805 311 100
739 672 79
3 1 82
406 700 48
473 184 67
871 313 40
507 804 96
986 802 99
1000 399 12
478 472 97
787 784 77
994 135 49
492 37 57
42 524 52
882 315 57
350 837 29
774 1 5
607 79 45
405 62 2
481 759 25
984 831 90
247 31 66
287 200 46
348 175 87
946 685 89
754 336 2
735 737 70
499 29 94
227 330 70
339 765 42
416 272 38
840 898 22
443 779 72
556 962 71
614 860 21
11 5 38
30 120 10
746 474 68
15 2 89
651 578 73
385 770 64
576 508 65
990 12 22
58 383 72
508 719 68
959 201 78
344 781 1
55 886 73
489 946 74
788 366 2
682 784 49
771 579 64
129 79 67
436 118 47
161 134 2
908 260 7
868 480 48
613 478 71
275 938 100
914 92 70
67 33 64
792 320 37
114 173 91
769 393 35
247 434 8
29 100 11
996 410 25
912 451 69
127 566 79
208 86 65
978 497 42
959 285 94
137 799 81
602 205 15
937 29 66
842 382 48
131 59 44
263 61 18
804 919 72
958 446 17
41 80 71
341 928 73
978 476 32
496 504 89
342 942 19
563 259 33
345 921 95
411 354 18
1 763 3
646 227 46
196 28 87
457 898 66
376 562 83
249 870 29
505 653 53
668 906 42
226 809 92
917 903 77
843 532 10
204 70 70
702 126 41
576 364 3
332 213 15
183 560 73
48 180 69
613 558 32
820 227 20
909 120 12
702 847 1
336 698 44
601 233 81
1002 70 71
368 241 16
588 552 64
56 18 11
718 313 86
276 634 97
233 508 5
164 809 3
49 365 51
17 674 51
919 614 42
902 507 69
36 19 85
171 764 70
87 140 21
9 621 26
790 467 61
522 172 49
835 271 87
448 482 82
583 256 89
252 249 42
763 14 49
955 772 13
238 445 10
91 14 80
635 971 84
776 445 74
95 40 81
362 277 27
885 890 54
172 347 51
457 866 94
348 413 17
120 230 62
512 603 79
654 499 65
788 829 18
928 452 34
318 430 16
936 71 20
739 578 75
497 983 36
64 375 56
508 53 44
655 863 56
782 537 33
931 4 57
482 411 4
246 928 72
889 999 38
689 570 44
444 17 13
326 89 86
157 526 56
784 654 74
719 1000 18
998 454 39
726 610 47
115 98 98
953 980 18
166 390 52
70 508 100
218 107 11
417 93 21
41 314 13
603 959 42
925 683 37
515 505 83
497 361 75
227 380 4
537 419 2
348 306 1
314 256 39
610 212 10
548 960 44
531 980 94
799 229 42
228 169 52
324 112 49
436 705 13
79 933 42
333 834 44
1001 749 77
326 277 27
306 1002 99
534 274 51
722 550 96
351 48 90
494 860 49
872 313 93
224 64 7
603 280 53
215 901 45
231 36 69
445 514 25
945 791 57
349 124 62
163 137 61
76 177 91
522 166 88
124 25 65
604 879 45
108 630 88
755 721 55
526 314 54
682 326 32
821 536 49
961 204 47
194 45 35
301 483 49
70 1000 60
352 379 76
463 382 93
211 320 88
210 49 3
557 68 43
695 223 90
841 661 50
948 770 32
403 334 91
511 992 43
67 418 90
16 287 43
785 176 39
686 96 59
878 943 67
990 944 47
942 744 20
688 375 79
794 544 38
191 852 8
642 898 95
991 849 82
731 88 95
648 348 50
162 308 87
763 80 78
357 272 50
318 878 33
273 480 13
315 145 98
394 302 44
792 166 88
19 9 42
694 1000 32
795 741 42
615 660 85
916 281 21
883 24 92
655 268 16
852 302 11
218 576 86
790 88 58
665 441 5
25 789 76
574 389 16
409 442 23
289 391 22
451 200 87
127 552 54
894 477 59
871 606 46
101 100 48
67 709 92
392 330 93
241 217 97
95 439 78
938 71 22
863 195 98
144 44 11
63 36 86
390 835 96
60 280 54
465 540 26
77 670 89
336 910 85
399 756 19
561 483 73
998 858 58
465 517 10
679 573 41
244 671 20
182 370 47
865 929 98
415 254 77
55 364 22
828 990 65
787 377 99
190 407 44
865 616 51
223 191 52
409 115 54
562 319 49
419 836 52
569 103 46
333 41 41
852 784 48
745 599 23
150 210 14
649 255 46
869 88 85
851 810 100
887 867 93
175 773 39
75 419 25
886 932 81
18 17 75
416 348 43
453 378 6
358 15 32
91 447 5
59 696 46
891 72 4
427 207 3
105 622 43
629 868 80
621 619 77
674 442 59
25 24 78
393 280 72
458 687 61
636 338 82
191 148 25
488 17 9
455 167 33
34 37 22
730 305 1
338 13 32
104 43 45
903 106 15
19 277 29
626 292 81
220 40 66
62 595 21
109 515 19
3 698 90
936 813 54
862 234 94
356 350 84
533 325 59
507 368 77
171 202 40
717 432 56
772 943 80
833 147 43
263 188 50
849 454 11
418 460 19
913 944 8
212 357 41
511 820 42
681 159 68
895 640 22
282 120 66
659 319 29
580 733 6
683 835 40
309 123 29
558 498 89
658 809 36
439 187 95
978 702 18
167 402 16
175 535 60
319 268 90
749 6 35
336 570 1
468 6 43
86 788 80
265 821 85
449 734 53
50 317 56
737 455 76
524 54 8
7 20 88
274 40 18
745 170 57
17 9 98
115 609 88
782 506 64
81 622 38
30 636 29
704 818 84
611 453 11
354 11 47
439 618 12
112 654 68
531 562 86
664 331 92
588 914 57
205 105 73
580 922 87
481 625 74
343 742 88
22 16 98
122 3 63
522 295 22
860 399 99
2 916 58
656 286 1
698 690 35
515 198 10
92 989 9
92 15 62
903 901 18
191 530 48
33 468 80
85 511 26
37 11 45
517 778 19
704 646 42
421 346 35
645 296 100
911 678 77
703 66 97
943 663 98
590 871 88
148 142 65
937 207 35
287 385 31
995 111 21
542 298 7
487 179 69
604 167 94
1001 461 94
339 70 67
393 141 56
83 111 68
561 692 17
199 112 65
103 52 20
157 116 3
263 963 75
767 567 28
563 466 64
337 371 44
655 37 27
33 124 95
614 243 69
501 446 72
115 985 14
48 535 62
33 24 58
29 953 65
323 262 38
536 833 54
494 282 62
905 694 77
507 486 18
664 126 48
144 226 8
377 318 38
34 186 54
647 552 76
247 933 83
629 805 47
141 250 42
992 480 91
521 792 66
209 145 10
542 392 55
577 186 86
179 676 12
873 505 29
195 164 65
265 201 76
14 931 24
706 302 92
722 528 70
313 152 45
632 112 15
286 58 35
919 185 6
426 211 72
991 540 99
255 248 96
431 999 25
509 535 12
267 472 72
968 653 95
277 136 59
488 151 31
485 665 84
628 222 12
560 614 7
133 115 67
972 534 11
122 693 100
530 747 57
1005 619 76
292 162 10
260 948 63
804 195 61
462 858 73
282 232 92
108 122 78
283 355 48
345 789 67
403 373 69
181 18 70
124 891 11
517 25 83
137 49 4
846 153 69
635 999 54
513 67 3
78 39 16
662 62 30
807 10 66
995 442 39
172 299 76
902 476 25
717 525 70
64 510 60
480 456 36
633 799 28
278 454 26
13 664 98
851 1000 27
180 1005 34
967 775 26
747 574 88
106 20 96
233 578 86
353 726 61
298 64 39
954 369 63
199 85 60
29 8 6
938 378 83
43 19 29
644 157 68
852 617 65
485 369 33
862 837 88
595 68 70
275 43 87
498 100 3
682 225 52
434 279 52
62 17 42
518 566 27
819 667 76
671 317 63
917 904 86
271 13 64
301 353 90
978 932 63
592 63 13
672 860 16
838 937 48
910 236 38
177 204 56
460 336 44
700 882 76
479 737 68
782 851 34
250 653 90
537 158 27
858 742 91
451 358 73
606 439 56
828 17 59
679 826 89
640 545 40
322 94 98
553 381 11
509 219 78
24 4 53
713 390 62
480 551 29
262 929 46
448 809 88
949 928 57
738 765 8
665 543 26
871 549 72
494 191 97
849 261 40
493 149 36
416 440 64
90 463 88
189 144 74
499 220 19
867 35 83
760 560 1
530 622 86
566 37 16
772 97 90
466 455 65
351 252 7
272 256 14
611 248 72
632 63 17
269 896 3
933 550 63
783 349 14
758 902 13
20 240 40
622 390 18
995 199 26
765 274 20
501 411 63
282 751 65
180 836 28
989 757 70
173 232 90
813 797 99
251 940 18
653 151 82
693 591 87
196 130 82
750 315 21
880 610 60
257 45 52
729 934 3
994 433 12
759 998 90
721 600 70
147 125 1
332 119 54
61 18 76
252 600 67
173 236 77
802 217 44
909 739 69
551 488 39
541 532 10
538 630 33
31 145 78
405 72 27
971 306 58
666 432 97
759 3 90
864 408 22
363 702 25
681 903 11
195 350 64
22 120 75
94 81 29
300 590 45
212 110 61
362 415 62
997 427 65
397 899 72
76 85 65
55 991 19
753 841 83
924 264 54
740 471 88
117 78 36
524 184 59
184 79 16
890 370 2
78 454 87
340 305 59
340 919 22
117 656 25
539 668 68
483 710 54
839 284 54
696 226 47
407 950 63
626 507 51
875 143 88
584 919 36
938 911 27
892 967 98
316 703 99
466 5 53
187 591 78
863 671 95
441 24 14
278 114 91
656 95 11
427 9 37
603 660 56
866 72 81
957 902 72
392 970 61
641 145 69
216 481 59
855 445 20
401 288 36
153 319 60
804 156 58
649 380 46
379 201 33
294 773 83
438 252 66
84 14 86
905 395 36
472 378 12
748 710 100
893 29 38
201 143 99
227 79 35
811 548 64
978 768 48
643 467 86
279 456 69
453 394 78
622 668 32
585 467 34
806 646 68
832 412 43
694 75 70
14 30 23
62 836 23
449 231 93
269 642 84
752 123 43
311 487 51
31 477 55
676 420 30
994 563 10
659 833 12
100 965 76
77 728 94
356 705 46
214 691 41
552 967 31
552 278 82
557 403 52
687 175 30
446 654 71
631 586 2
669 664 17
325 284 87
992 620 49
834 728 54
650 122 55
332 126 26
519 124 85
325 98 88
554 49 46
793 69 79
851 837 9
158 153 68
89 20 54
993 822 2
672 783 3
18 684 96
817 24 52
712 704 9
806 996 78
948 49 14
175 126 73
244 338 53
186 522 7
451 576 18
128 116 93
454 394 38
316 273 51
926 934 96
877 521 19
997 212 74
480 756 49
90 68 87
144 330 60
173 560 49
6 1 40
859 538 14
516 973 27
846 544 25
458 553 53
369 82 72
996 185 3
482 269 61
358 572 91
415 962 56
477 892 14
438 313 46
733 364 4
496 163 66
340 920 54
4 841 81
457 486 31
850 411 78
422 358 33
224 190 89
357 15 96
63 623 77
34 117 78
856 556 98
810 449 24
805 775 49
464 104 71
10 120 72
115 168 35
477 338 82
173 586 20
351 840 75
836 59 95
107 8 46
248 141 99
352 562 99
333 617 69
215 201 53
797 226 60
6 58 60
918 891 61
565 25 73
148 550 5
761 290 64
425 910 90
483 715 10
671 688 96
703 961 72
270 883 88
271 176 28
855 798 13
415 320 35
1001 928 56
465 230 90
207 320 84
925 498 79
540 310 90
802 327 55
332 135 2
12 7 25
87 37 88
243 187 73
768 457 99
882 847 83
36 650 19
934 139 49
548 189 33
373 195 39
376 511 53
643 328 92
99 38 98
65 6 13
128 952 17
167 480 54
474 187 76
638 20 58
306 270 64
722 749 71
79 804 30
107 400 3
542 146 50
994 399 94
10 648 37
802 830 57
295 264 35
139 439 20
734 599 87
100 934 25
38 13 26
601 960 88
762 155 49
364 456 14
296 342 61
797 39 99
703 657 48
873 864 31
595 862 99
65 636 80
78 958 69
47 109 51
178 4 24
892 562 19
753 286 64
604 675 92
805 365 24
795 58 91
97 115 49
483 350 39
174 163 14
987 382 30
674 68 41
292 832 15
651 1005 23
516 229 29
859 55 72
952 247 58
830 32 49
170 255 10
944 806 34
686 177 26
413 450 98
786 348 82
704 619 91
815 825 10
359 31 32
292 102 38
308 160 40
79 52 30
831 529 70
963 24 60
839 290 32
673 672 45
172 287 30
277 639 47
506 114 36
726 695 54
946 118 38
448 334 36
255 224 44
696 188 3
43 909 18
741 89 85
842 476 17
835 565 92
843 155 13
256 262 40
22 38 1
958 905 13
797 810 2
512 74 34
693 463 39
291 512 99
768 223 67
102 73 29
317 275 60
103 270 98
561 607 19
534 162 51
373 460 79
15 807 40
147 610 62
303 288 11
418 104 36
6 412 92
876 647 57
291 110 23
803 471 97
904 761 46
60 635 10
973 874 40
572 373 48
562 580 27
990 696 76
609 318 17
984 121 19
68 45 89
537 273 8
168 479 71
837 230 1
163 800 61
67 360 5
733 380 91
614 336 11
582 354 23
393 680 72
374 971 70
109 100 21
503 890 42
202 942 20
848 979 51
572 863 33
987 89 82
853 767 61
273 90 68
11 720 25
567 850 70
337 28 42
85 70 73
877 280 67
318 138 51
725 206 64
452 234 67
268 241 78
568 50 40
416 990 83
139 337 48
446 303 28
440 184 42
582 79 18
905 843 80
353 51 3
154 441 74
532 797 71
108 82 13
15 479 97
555 382 94
184 277 35
683 805 69
262 1000 87
570 769 6
793 285 19
655 690 19
852 610 87
533 473 32
821 398 38
317 589 63
112 144 1
311 170 79
528 795 87
27 251 67
543 316 29
617 610 51
855 627 85
387 309 6
397 859 90
344 816 19
433 423 5
470 3 17
86 36 61
754 914 75
362 764 48
383 49 15
567 256 48
428 347 70
140 760 79
24 608 44
424 391 63
973 778 65
691 506 64
20 208 49
60 37 71
426 133 83
259 916 19
964 371 9
457 471 14
963 376 56
372 187 72
545 9 66
287 1002 34
937 958 58
831 103 84
399 898 63
497 269 8
16 331 69
87 816 20
948 572 97
297 52 87
152 544 77
47 811 65
922 555 99
706 281 51
19 51 13
279 955 65
123 86 50
330 289 34
225 144 44
565 312 94
53 298 97
178 813 60
374 705 9
995 402 97
85 90 30
599 29 91
70 215 16
180 262 39
572 960 56
942 34 23
993 742 62
611 752 21
5 259 57
444 979 19
11 115 5
384 239 71
222 202 79
435 303 25
233 664 90
221 94 27
673 945 11
83 543 18
206 484 44
854 464 10
880 233 68
34 28 8
328 61 74
753 603 18
663 271 41
743 599 69
254 248 63
973 688 89
873 393 29
543 133 71
351 225 38
667 594 10
83 60 14
419 441 53
17 804 48
852 312 69
868 770 75
241 342 9
439 446 90
555 599 83
348 396 80
285 708 46
759 783 53
329 175 10
45 230 70
50 910 95
177 970 88
932 716 32
920 404 12
702 914 31
155 73 93
808 78 32
290 682 90
451 203 19
848 414 1
818 600 31
623 581 39
678 964 63
17 115 71
469 317 67
136 736 85
52 279 8
69 45 77
71 986 98
568 76 60
748 926 76
80 49 67
251 173 87
270 921 85
423 375 8
200 316 21
305 146 16
793 319 5
79 517 26
647 365 25
742 973 26
583 152 72
177 4 12
576 109 57
238 707 35
677 740 43
847 517 50
89 289 66
519 819 32
245 960 20
71 594 66
51 83 14
301 185 58
913 909 80
625 384 85
295 22 77
430 722 17
557 873 92
395 247 5
370 654 14
624 280 4
941 470 80
233 20 32
993 22 42
198 428 16
536 25 91
731 258 62
274 14 31
751 273 95
21 10 39
161 138 55
926 764 20
227 424 10
163 100 67
578 81 29
936 408 45
505 510 61
640 461 30
468 240 10
335 594 44
200 590 49
410 584 28
544 287 58
289 772 58
822 796 59
360 869 94
556 601 34
218 816 75
789 754 37
837 612 38
923 371 41
475 307 40
260 794 18
952 507 24
169 26 33
513 157 33
872 390 15
68 867 47
991 749 64
885 456 61
24 639 85
592 380 70
474 531 33
83 332 95
380 159 36
233 875 61
775 908 91
892 966 48
433 53 42
182 150 52
272 650 92
297 84 42
956 261 79
264 390 1
250 70 99
212 302 90
396 146 46
167 99 33
633 503 64
281 21 82
145 300 70
287 582 56
263 690 74
978 885 39
774 558 80
181 351 6
482 735 24
51 35 94
402 35 52
208 975 39
600 299 6
957 861 37
172 149 8
867 609 38
718 378 83
629 190 96
788 214 50
940 588 73
79 3 43
44 130 91
672 95 76
637 254 86
540 934 84
462 657 7
380 826 38
112 913 83
35 955 96
572 299 83
550 664 67
463 277 11
870 852 17
326 27 88
457 899 67
756 213 90
186 62 27
118 117 46
399 81 47
741 566 2
124 584 39
416 659 99
591 525 40
575 277 44
705 119 87
275 809 47
472 301 34
590 556 21
627 292 42
372 160 83
917 733 45
812 110 37
794 912 26
959 52 20
476 588 74
850 590 9
732 726 26
389 450 12
958 713 43
753 334 21
941 573 46
875 697 9
262 419 32
918 330 14
755 860 49
289 333 98
618 161 3
534 465 75
360 785 95
555 20 50
376 812 28
458 71 85
61 59 100
675 948 67
197 746 80
806 312 86
593 965 65
635 495 13
287 14 6
28 16 59
117 26 48
113 900 2
84 536 95
976 815 73
965 345 21
743 731 68
723 779 33
774 582 47
218 55 31
305 412 28
525 45 19
451 429 29
4 10 88
112 408 50
737 235 42
490 378 36
815 799 99
138 47 97
800 250 62
319 39 93
191 396 46
556 287 89
756 884 77
52 430 97
736 117 55
110 504 9
202 159 82
657 116 72
859 159 21
677 213 39
904 23 30
780 327 68
454 195 40
75 637 24
358 233 92
405 176 60
934 474 43
7 720 77
973 346 58
860 161 26
153 300 56
918 377 77
528 213 54
746 15 43
972 108 78
13 5 95
420 384 79
699 994 77
309 201 91
173 54 40
238 193 21
338 568 88
918 331 81
550 597 50
863 769 84
709 173 87
139 833 58
473 185 17
398 292 58
40 70 78
434 536 55
672 73 87
1001 953 98
234 263 46
183 487 10
469 655 41
848 933 58
722 518 5
273 709 69
717 838 15
132 45 30
514 394 24
143 167 43
513 640 83
72 160 67
39 950 21
749 272 29
82 229 97
13 670 49
386 640 72
370 828 88
743 572 69
585 971 59
659 642 68
15 46 70
456 875 95
594 251 55
208 290 27
818 935 11
483 726 12
738 500 57
213 120 18
887 13 51
757 1003 6
294 46 63
345 617 12
388 865 46
530 396 72
742 463 16
142 101 15
306 634 39
509 355 97
51 45 38
26 277 81
965 519 79
702 445 56
941 12 1
93 76 60
843 778 52
953 245 1
968 601 31
235 231 40
832 623 70
754 45 41
923 286 7
61 474 39
708 80 35
482 198 13
773 725 18
862 146 46
291 322 77
289 341 26
187 31 63
505 529 27
29 476 31
806 805 77
82 78 38
812 741 28
184 380 49
702 481 54
739 183 94
62 360 39
947 384 2
486 842 84
882 395 19
111 450 81
314 223 39
235 610 72
143 281 92
266 189 91
55 31 72
470 355 22
639 400 82
573 554 93
71 43 62
196 381 40
249 50 84
971 590 49
64 29 53
427 275 1
808 325 94
731 949 29
448 14 26
895 843 8
463 998 7
68 535 8
794 859 36
93 687 44
685 506 35
185 999 36
869 448 49
887 672 29
401 953 74
571 903 51
368 114 12
54 546 93
983 786 83
218 807 2
845 92 16
499 804 26
927 970 44
635 293 87
748 292 47
991 448 25
980 829 80
233 993 60
912 725 65
943 727 63
46 8 60
343 88 69
462 357 15
355 100 53
789 945 49
332 249 92
90 220 12
87 673 55
539 122 99
932 736 48
7 13 50
712 951 85
852 761 35
61 699 51
288 59 13
210 818 9
819 5 53
223 975 76
655 32 53
865 251 35
375 122 78
538 20 68
475 968 12
717 883 21
709 700 6
710 608 58
193 970 98
34 370 85
951 958 69
432 655 62
347 445 99
419 51 29
559 418 82
792 315 65
967 347 33
497 900 30
246 869 56
761 404 97
361 880 36
785 970 6
75 839 96
846 567 37
471 993 91
742 988 30
377 389 87
732 97 55
868 575 38
644 307 39
248 500 31
250 688 42
234 197 25
395 405 60
29 747 9
612 773 36
833 525 32
558 285 67
153 105 45
861 292 29
677 624 3
346 689 66
517 317 42
219 118 2
224 265 46
231 473 23
274 584 18
17 552 30
981 734 4
177 358 74
114 98 26
456 375 39
749 71 79
241 81 21
167 87 76
136 493 21
896 166 51
4 298 14
675 465 76
907 690 40
452 15 53
656 647 58
680 161 82
898 540 29
641 68 17
381 8 42
955 205 17
31 17 48
580 652 8
449 718 61
811 253 29
324 10 11
438 393 26
378 52 70
661 489 64
539 369 23
585 175 93
473 60 81
989 245 53
495 825 96
838 118 6
444 287 78
353 598 87
232 420 85
811 665 99
791 68 14
684 409 57
619 28 1
509 585 27
452 165 32
50 369 92
717 831 31
617 128 41
246 838 73
803 980 60
456 825 57
834 423 67
597 34 76
724 132 57
299 861 74
833 528 88
216 96 37
111 825 84
632 962 66
432 179 6
825 80 99
386 359 88
217 289 50
290 729 80
64 420 40
1000 513 98
97 634 85
736 135 70
318 635 84
502 33 21
609 825 20
979 436 97
661 947 78
119 92 20
130 470 75
968 157 61
504 583 63
274 961 6
120 89 2
802 175 36
844 685 17
536 382 10
209 533 2
355 177 44
495 285 18
683 171 27
891 544 31
83 506 54
752 58 63
187 155 48
847 205 60
680 764 61
196 131 88
835 18 61
782 97 92
804 694 27
466 626 58
849 98 77
60 12 96
952 485 41
697 662 49
194 747 67
81 78 89
170 150 78
81 835 38
583 516 16
1003 223 39
372 583 1
713 462 73
483 66 92
395 200 88
284 58 89
23 3 53
716 436 41
986 820 84
558 187 71
72 31 67
319 741 66
318 454 76
591 990 29
162 50 14
720 674 87
546 924 42
430 630 1
327 254 48
389 210 33
816 410 79
678 655 5
111 49 61
825 755 27
951 328 98
526 735 10
907 906 93
307 77 38
318 810 87
652 493 31
47 25 53
269 9 77
38 579 83
258 719 25
347 316 68
229 98 70
280 950 65
285 231 73
827 673 10
571 291 48
159 152 95
668 948 28
609 980 66
661 160 70
871 617 9
376 32 79
128 74 9
59 27 50
660 395 31
622 108 56
631 878 34
701 400 9
148 583 12
267 36 95
765 668 87
876 41 61
126 320 4
467 355 80
147 7 99
299 163 42
873 143 62
708 147 3
444 250 19
819 661 44
398 315 80
561 946 38
298 93 13
835 778 44
568 24 10
427 766 74
52 337 44
171 215 4
625 274 1
999 714 9
57 825 74
723 264 9
152 105 39
437 876 82
505 211 10
800 407 69
498 83 89
803 317 44
135 97 29
535 757 52
24 836 38
789 592 16
191 286 13
663 377 93
536 783 95
147 260 11
190 94 34
895 642 8
349 614 65
108 263 4
339 307 51
778 505 44
292 860 42
187 607 15
146 693 88
176 156 51
761 79 40
586 181 83
326 363 55
760 124 40
61 64 91
666 18 80
211 22 1
374 174 81
835 871 13
750 474 10
741 832 49
433 990 1
585 768 53
2 286 77
602 7 4
162 437 42
231 586 92
19 346 16
691 582 34
148 421 38
468 543 78
33 318 20
330 269 45
283 68 43
348 375 23
715 3 47
342 11 86
864 69 64
61 630 13
435 168 25
250 64 67
794 851 52
653 120 59
457 162 21
504 455 92
928 360 1
890 728 100
872 820 92
573 333 81
83 470 12
688 911 1
304 890 29
513 164 64
539 704 6
335 305 58
999 256 67
978 313 47
604 53 1
547 681 35
795 211 33
498 635 39
297 956 12
796 663 4
17 484 35
670 967 6
59 811 78
306 273 82
63 154 44
49 377 42
577 986 46
29 10 20
344 203 8
161 32 98
567 987 79
618 224 80
460 577 41
74 2 79
276 163 31
348 740 32
425 162 12
584 626 42
344 542 84
886 308 92
911 351 57
378 45 41
975 110 49
189 629 75
605 926 40
281 990 50
818 866 9
943 150 24
16 9 40
256 93 73
39 4 27
419 536 74
711 527 30
216 293 4
546 227 7
225 343 73
486 305 97
518 5 5
198 90 93
427 916 56
88 41 2
295 705 23
925 429 35
863 623 42
290 789 53
147 6 65
909 211 25
707 857 64
442 228 58
858 227 60
417 186 56
745 850 66
611 298 53
570 987 56
906 810 41
10 223 92
962 62 57
105 88 1
9 7 15
615 394 96
124 51 25
202 508 93
49 13 22
165 875 55
686 968 96
805 1005 80
421 121 79
792 113 45
522 509 36
209 65 23
857 17 100
37 40 37
148 490 45
815 558 87
279 101 30
583 614 98
874 96 3
817 57 6
989 680 13
940 827 13
833 17 66
302 146 20
390 926 78
228 670 18
944 771 76
896 744 70
529 297 61
929 553 32
1005 70 23
280 750 75
547 405 80
789 609 99
938 982 19
345 299 53
700 580 53
916 846 66
200 741 84
729 553 84
430 1004 10
924 794 20
1004 962 6
429 113 62
12 190 8
739 688 51
389 582 100
410 429 38
459 308 100
450 671 2
557 66 43
710 389 12
169 889 14
678 694 60
491 842 32
102 60 44
732 797 29
978 780 59
551 388 13
183 157 89
173 561 42
521 380 87
255 824 15
640 368 21
798 217 86
922 200 33
799 717 25
495 326 90
940 489 51
139 47 61
847 434 73
811 78 12
523 63 32
83 866 79
168 96 73
411 547 39
859 192 81
705 644 24
975 162 28
334 297 80
192 10 26
776 568 23
353 24 91
367 994 91
30 926 82
211 829 74
447 430 86
45 755 63
56 582 32
32 190 51
488 216 3
6 697 74
264 34 37
44 15 18
468 966 46
579 462 22
487 101 2
247 717 23
484 176 64
289 741 4
88 766 83
459 603 36
200 392 16
629 420 66
336 255 66
597 54 88
884 510 4
604 827 46
202 452 12
116 39 84
47 59 25
179 400 89
585 136 6
369 127 68
622 399 31
725 290 39
406 174 93
782 709 17
464 1001 1
447 266 25
74 110 19
586 931 56
744 142 50
1003 982 55
145 71 73
72 164 95
1003 74 29
846 19 26
582 25 69
898 780 92
956 193 30
779 11 51
27 17 27
814 56 97
296 289 68
374 534 45
596 386 84
481 530 72
809 194 90
484 76 47
905 197 55
956 810 67
323 61 87
352 341 12
497 313 86
246 42 70
45 22 50
582 589 78
698 107 38
333 276 3
10 930 54
610 786 56
826 820 58
703 324 55
314 919 10
389 246 82
791 147 50
368 756 90
972 320 59
45 168 18
591 735 81
77 59 40
998 975 21
586 883 60
562 143 36
880 265 88
910 469 4
18 150 72
170 920 11
326 609 45
725 949 70
274 750 17
133 341 11
594 606 9
139 113 28
404 105 48
46 792 78
945 265 30
82 739 78
493 347 15
8 4 84
717 747 31
489 235 22
525 2 93
698 507 86
92 43 31
857 573 26
701 841 87
215 279 73
44 91 84
584 27 56
432 121 5
811 87 76
784 779 28
569 106 16
118 63 11
345 807 68
807 108 19
577 517 34
118 106 78
259 241 16
718 244 4
915 925 47
541 371 78
813 571 12
775 574 26
83 600 26
947 581 89
633 807 7
775 656 3
867 614 55
54 39 42
112 98 85
478 221 76
117 701 34
108 336 22
899 229 58
587 154 11
191 741 8
729 567 30
789 653 47
71 973 16
158 250 35
433 164 22
261 228 43
226 5 50
973 889 84
2 1 62
174 904 21
268 405 18
157 292 92
999 367 88
98 60 21
895 713 38
455 372 65
10 696 84
364 67 15
472 897 90
377 18 72
835 797 22
616 592 44
351 508 78
807 506 63
894 537 29
519 800 53
899 850 49
9 995 50
400 907 62
972 722 59
472 302 10
872 349 92
710 691 5
202 161 25
585 770 78
280 82 78
194 662 19
686 12 79
535 662 62
817 17 33
429 146 51
262 37 79
855 169 24
674 354 90
589 197 51
472 227 61
312 283 55
522 624 34
117 67 27
927 303 96
75 64 57
697 438 48
548 145 40
503 788 34
596 354 63
778 686 20
187 895 38
125 78 11
673 344 69
871 994 99
348 631 21
136 621 30
753 33 42
756 352 26
821 490 6
304 143 71
637 317 3
271 585 77
902 935 50
291 376 16
391 272 9
405 149 52
668 439 94
681 292 32
98 232 42
691 793 44
458 860 44
183 54 48
269 91 29
253 486 70
761 660 43
740 462 85
299 671 70
396 15 34
253 158 18
64 878 32
371 583 53
450 146 55
555 134 42
352 570 74
926 594 6
818 607 62
683 82 3
712 266 47
762 278 39
341 596 61
919 714 18
155 657 94
947 21 37
406 37 19
552 325 9
99 165 45
161 118 22
941 379 55
550 898 76
8 622 63
189 281 50
992 485 19
369 384 10
427 30 79
165 4 40
987 552 5
973 697 63
771 247 9
870 122 38
663 492 33
622 203 40
474 350 91
495 656 87
657 495 33
352 8 16
588 702 92
401 693 47
286 849 18
545 716 91
57 45 85
257 630 78
434 806 8
913 199 78
539 413 14
888 622 26
242 35 39
840 345 10
204 340 47
605 37 93
896 173 85
223 128 62
92 899 42
73 41 55
156 7 23
781 458 20
769 481 95
448 106 27
412 135 35
597 91 55
892 555 17
522 785 67
916 498 95
58 36 59
557 749 5
979 872 27
985 527 74
698 936 49
359 365 73
502 784 91
844 889 39
581 844 10
329 437 21
437 742 98
920 207 39
682 973 86
102 4 75
968 847 77
856 298 48
580 697 21
118 726 69
892 722 32
475 297 34
773 112 11
720 71 39
60 126 9
470 420 82
807 643 85
40 57 87
683 662 16
240 610 39
910 232 3
19 518 82
344 73 33
328 630 61
128 943 39
96 365 12
768 441 34
380 736 87
931 614 36
366 60 77
607 577 77
692 807 45
483 58 49
260 918 74
633 61 36
297 604 86
346 587 48
582 531 12
939 274 33
323 311 20
321 50 81
843 418 17
5 3 54
149 132 43
736 108 55
795 273 14
804 310 24
491 262 39
572 759 100
278 701 92
409 383 29
357 26 55
660 84 73
305 369 62
186 120 67
953 824 63
148 157 25
484 887 53
456 600 49
366 492 60
503 87 29
166 361 25
637 720 57
607 391 29
262 397 98
519 723 44
843 170 66
878 716 97
663 944 55
26 4 51
518 1001 17
134 122 87
456 488 67
410 650 22
167 622 29
442 974 73
537 950 35
476 62 5
432 33 11
261 162 86
188 410 96
917 193 39
274 95 40
82 954 20
975 708 52
97 667 7
635 26 83
670 118 28
7 195 59
257 676 31
841 838 40
661 938 39
555 725 8
43 374 48
407 109 19
757 476 57
695 612 91
2 94 84
264 684 54
646 644 45
580 76 34
533 784 22
995 603 32
11 150 52
367 332 43
691 57 60
745 101 24
882 449 29
783 27 16
228 110 86
898 34 66
98 606 11
975 616 77
273 822 6
738 314 31
908 399 80
859 808 64
527 27 13
961 168 8
313 629 74
156 985 43
338 594 47
916 628 12
499 898 2
174 350 94
259 271 82
94 839 59
52 1 84
246 743 17
946 28 64
528 948 28
386 688 3
551 380 85
558 150 11
547 316 54
549 302 79
345 853 23
848 72 30
311 520 7
474 733 38
439 363 15
995 982 72
552 78 49
982 520 91
536 31 29
767 652 79
814 752 71
381 893 44
391 430 91
532 519 30
860 51 17
7 5 85
124 520 76
301 814 28
882 4 39
126 76 69
391 594 61
232 115 97
660 544 4
217 207 78
78 12 12
585 149 83
951 603 80
564 392 96
471 126 94
878 65 33
773 874 74
937 366 16
158 423 14
738 846 32
5 710 53
531 508 29
157 810 55
425 57 1
976 401 71
106 662 36
883 874 31
239 121 93
677 254 79
511 195 73
182 340 22
391 29 96
742 566 58
968 24 97
331 351 75
726 566 96
844 289 17
217 994 36
852 378 44
97 31 20
957 23 65
499 939 55
561 766 3
207 129 44
731 696 2
662 136 48
654 74 28
712 449 27
372 305 63
365 432 42
311 938 10
761 527 15
217 717 22
733 852 16
628 760 68
320 711 92
282 147 51
42 30 50
182 210 85
193 165 82
659 661 23
418 827 58
203 17 77
794 314 80
577 720 55
581 523 3
78 625 27
499 427 23
917 213 90
74 776 22
721 292 95
591 676 54
185 140 28
465 225 49
951 286 49
189 384 81
891 660 96
425 268 77
634 313 7
41 27 58
475 170 70
335 565 16
681 531 24
28 824 91
406 48 31
700 980 43
914 857 34
88 123 34
166 108 93
4 200 70
58 89 15
964 166 15
342 672 28
463 730 43
992 75 46
303 302 34
341 620 45
554 57 24
671 433 8
993 10 87
408 80 45
485 733 2
659 407 40
211 4 24
179 37 50
571 480 41
848 374 4
327 860 45
492 339 69
745 894 10
275 46 54
638 800 38
884 366 77
591 420 30
152 220 80
113 92 59
570 768 72
612 119 65
322 148 44
214 4 64
891 811 35
773 371 58
188 78 30
475 682 14
106 148 52
274 117 75
738 103 47
735 632 49
534 273 98
153 765 6
458 471 35
29 867 94
647 917 8
544 127 26
157 920 17
544 16 9
146 75 66
679 651 72
535 220 6
137 14 34
642 130 33
872 231 59
652 459 23
1004 895 9
616 468 40
290 956 2
366 861 20
148 97 12
460 952 67
36 141 63
830 678 27
655 347 53
267 572 73
706 665 57
732 488 66
461 787 24
369 90 31
777 33 64
810 468 72
432 742 81
941 795 69
47 848 58
818 670 74
228 103 28
658 923 84
872 238 43
579 443 37
760 687 49
814 549 14
459 900 42
136 100 35
325 997 99
652 429 52
130 460 57
390 636 7
126 570 92
293 728 59
549 624 78
684 929 55
714 536 77
896 275 93
785 236 81
958 405 81
948 765 65
403 947 89
96 66 46
929 823 40
235 70 20
197 136 61
497 420 64
412 302 52
904 804 81
319 21 21
856 915 77
428 731 9
154 76 56
524 283 71
410 510 45
37 334 57
841 553 37
171 717 38
648 634 91
88 508 35
922 52 41
677 231 47
623 9 41
251 904 84
946 71 57
411 382 71
493 217 38
556 509 33
48 31 63
829 421 71
175 720 13
776 689 79
973 568 59
308 181 10
879 45 18
116 830 30
456 612 22
222 586 33
994 536 81
966 835 3
435 426 6
848 572 10
125 670 11
553 889 61
721 463 80
824 789 7
465 367 17
44 32 16
523 685 96
138 259 59
924 456 50
759 247 88
788 581 6
607 432 43
346 85 72
605 187 62
458 167 13
881 730 61
861 867 47
195 326 27
196 825 83
935 76 11
508 503 5
64 327 42
30 975 73
803 79 74
42 799 23
599 820 94
645 154 7
486 503 56
781 521 96
586 589 64
493 780 65
979 567 58
478 98 24
1 996 44
568 154 16
539 988 93
382 585 60
711 364 11
808 761 51
158 524 61
38 927 99
606 399 8
27 562 3
75 150 22
555 563 70
841 34 67
431 354 34
847 531 68
141 683 93
867 299 17
810 375 78
236 209 97
416 828 10
593 451 50
353 920 71
194 163 32
963 389 44
116 732 29
225 136 87
349 274 91
786 546 92
149 11 51
286 237 1
609 527 67
411 259 47
616 810 16
529 6 59
361 159 58
453 780 79
835 393 62
681 137 18
978 415 29
357 550 69
543 263 21
628 682 50
767 415 90
593 247 87
76 33 83
485 278 57
68 129 32
719 106 51
441 224 35
521 82 28
424 28 60
336 39 36
766 358 50
387 549 92
685 331 31
758 189 30
732 254 30
983 1003 74
206 157 73
929 273 33
577 66 74
53 17 40
87 979 79
199 614 89
171 889 50
519 79 88
367 131 67
222 92 11
964 280 5
373 592 95
657 418 32
253 227 77
437 157 96
717 42 21
143 109 16
988 987 31
188 199 78
381 335 47
767 309 81
379 219 64
164 790 26
576 537 93
941 946 51
66 840 28
291 121 36
236 550 82
38 722 9
798 303 65
942 79 55
809 150 82
986 860 49
547 650 28
548 930 73
397 370 27
12 170 68
310 644 22
382 294 66
141 53 35
121 4 85
127 59 71
864 725 81
1001 138 16
481 430 99
801 585 77
309 670 88
645 726 66
774 65 59
410 448 17
963 240 64
341 296 39
591 724 80
479 194 42
17 74 31
171 112 83
72 14 69
469 389 18
969 333 64
110 173 77
150 612 83
808 134 70
35 33 10
768 442 83
109 188 97
274 615 82
371 233 62
608 223 64
821 41 4
812 811 27
473 112 50
408 285 40
475 88 49
414 26 31
739 673 7
813 680 48
128 564 59
33 168 94
139 867 65
70 749 17
931 643 63
846 669 29
238 88 7
641 546 94
60 430 70
757 274 90
746 233 76
467 121 90
506 902 7
85 557 39
327 49 66
997 147 41
493 800 8
340 176 28
959 460 24
34 840 56
32 2 9
782 57 85
785 18 72
330 840 64
462 533 11
563 285 21
11 50 3
745 352 60
65 23 3
353 454 61
756 622 59
340 757 61
487 100 55
342 265 75
985 31 29
318 754 17
771 233 3
856 931 36
66 29 10
447 268 24
847 171 25
499 974 86
479 423 13
912 287 83
133 274 76
794 558 31
972 637 24
504 995 36
14 972 58
146 226 47
119 88 43
385 263 18
2 60 83
101 853 14
314 557 82
921 687 93
688 441 87
143 23 84
740 393 4
237 789 89
124 270 97
487 606 14
413 69 2
788 702 51
951 695 89
20 689 82
237 137 19
699 670 91
432 98 17
110 586 80
417 580 67
820 311 93
364 265 17
500 840 79
67 310 76
287 166 45
752 199 61
729 147 51
151 139 80
341 870 70
615 796 97
45 597 22
574 927 88
684 125 31
539 630 88
240 631 69
172 124 23
707 289 74
69 905 4
380 115 79
351 457 14
99 330 100
935 244 92
511 616 67
915 80 2
363 268 80
962 543 49

